------------------------------------------------------------------------------------------------------------------------------------------------------
Phiprof results with time fraction of total time larger than 0.01
Processes in set of timers 1 with (up to) 1 threads 
------------------------------------------------------------------------------------------------------------------------------------------------------
                                                              Threads   Time(s)                                             Calls     Workunit-rate       
Level Groups Label                                            Average   Average   parent %  Maximum   Rank  Minimum   Rank  Average   Average   Per process
---------------------------------------------------------------------- Profile ----------------------------------------------------------------------
1            main                                             1          0.1505    99.99     0.1505    0     0.1505    0     1         
2              Initialization                                 1          0.1023    67.95     0.1023    0     0.1023    0     1         
3                Read parameters                              1          0.008149  7.967     0.008149  0     0.008149  0     1         
3                Init grid                                    1          0.09043   88.42     0.09043   0     0.09043   0     1         
4                  Set initial state                          1          0.07677   84.89     0.07677   0     0.07677   0     1         
5                    Apply initial state                      1          0.06889   89.73     0.06889   0     0.06889   0     1         
5     B              re-adjust blocks                         1          0.004706  6.13      0.004706  0     0.004706  0     1         
6                      Adjusting blocks                       1          0.004499  95.61     0.004499  0     0.004499  0     1         
4                  Other                                      1          0.01334   14.75     0.01334   0     0.01334   0     1         
3                write-initial-state                          1          0.002747  2.686     0.002747  0     0.002747  0     1         
4                  writeGrid-reduced                          1          0.002719  98.98     0.002719  0     0.002719  0     1         
5                    Other                                    1          0.002719  100       0.002719  0     0.002719  0     1         
2              Simulation                                     1          0.0482    32.02     0.0482    0     0.0482    0     1         
3                IO                                           1          0.02513   52.15     0.02513   0     0.02513   0     9         
4                  Diagnostic                                 1          0.004288  17.06     0.004288  0     0.004288  0     9         
4                  write-system                               1          0.02062   82.04     0.02062   0     0.02062   0     9         
5                    writeGrid-reduced                        1          0.02032   98.55     0.02032   0     0.02032   0     9         
6                      Other                                  1          0.02032   99.97     0.02032   0     0.02032   0     9         
3                Propagate                                    1          0.02211   45.87     0.02211   0     0.02211   0     8         4.4e+06   4.4e+06   Cells/s
4                  Spatial-space                              1          0.015     67.86     0.015     0     0.015     0     8         6.483e+06 6.483e+06 Cells/s
5                    target mesh generation                   1          0.004316  28.76     0.004316  0     0.004316  0     8         
5                    compute-moments-n-maxdt                  1          0.00494   32.92     0.00494   0     0.00494   0     8         
5                    Other                                    1          0.004864  32.42     0.004864  0     0.004864  0     8         
4                  Velocity-space                             1          0.005258  23.78     0.005258  0     0.005258  0     8         1.85e+07  1.85e+07  Cells/s
5     B              re-adjust blocks                         1          0.005245  99.75     0.005245  0     0.005245  0     8         
6                      Adjusting blocks                       1          0.004177  79.64     0.004177  0     0.004177  0     8         
4                  Other                                      1          0.001841  8.326     0.001841  0     0.001841  0     8         
----------------------------------------------------------------------- Groups ------------------------------------------------------------------------
      B      Block adjustment                                           0.01061   7.046     0.01061   0     0.01061   0     
      E      Total                                                      0.1505    100       0.1505    0     0.1505    0     
------------------------------------------------------------------------------------------------------------------------------------------------------
