     80.0 0.491E+16 0.337E+21 0.897E+20 0.207E-04        183.                  
     81.0 0.871E+16 0.287E+21 0.762E+20 0.176E-04        179.                  
     82.0 0.148E+17 0.243E+21 0.644E+20 0.149E-04        176.                  
     83.0 0.238E+17 0.204E+21 0.541E+20 0.125E-04        173.                  
     84.0 0.367E+17 0.171E+21 0.451E+20 0.105E-04        170.                  
     85.0 0.539E+17 0.142E+21 0.374E+20 0.870E-05        168.                  
     86.0 0.757E+17 0.117E+21 0.309E+20 0.719E-05        166.                  
     87.0 0.102E+18 0.967E+20 0.254E+20 0.592E-05        165.                  
     88.0 0.131E+18 0.794E+20 0.207E+20 0.486E-05        165.                  
     89.0 0.163E+18 0.649E+20 0.169E+20 0.397E-05        165.                  
     90.0 0.194E+18 0.530E+20 0.137E+20 0.324E-05        165.                  
     91.0 0.224E+18 0.431E+20 0.111E+20 0.263E-05        166.                  
     92.0 0.251E+18 0.350E+20 0.897E+19 0.214E-05        167.                  
     93.0 0.273E+18 0.285E+20 0.724E+19 0.174E-05        169.                  
     94.0 0.290E+18 0.231E+20 0.583E+19 0.141E-05        172.                  
     95.0 0.301E+18 0.188E+20 0.469E+19 0.114E-05        175.                  
     96.0 0.307E+18 0.153E+20 0.378E+19 0.930E-06        178.                  
     97.0 0.307E+18 0.125E+20 0.304E+19 0.757E-06        182.                  
     98.0 0.302E+18 0.102E+20 0.245E+19 0.618E-06        186.                  
     99.0 0.294E+18 0.833E+19 0.198E+19 0.506E-06        191.                  
    100.0 0.284E+18 0.684E+19 0.160E+19 0.415E-06        196.                  
    101.0 0.271E+18 0.564E+19 0.130E+19 0.342E-06        202.                  
    102.0 0.257E+18 0.467E+19 0.105E+19 0.283E-06        208.                  
    103.0 0.242E+18 0.388E+19 0.858E+18 0.235E-06        215.                  
    104.0 0.227E+18 0.324E+19 0.701E+18 0.196E-06        221.                  
    105.0 0.213E+18 0.272E+19 0.575E+18 0.164E-06        228.                  
    106.0 0.199E+18 0.230E+19 0.473E+18 0.138E-06        235.                  
    107.0 0.185E+18 0.195E+19 0.391E+18 0.117E-06        242.                  
    108.0 0.172E+18 0.166E+19 0.324E+18 0.998E-07        249.                  
    109.0 0.161E+18 0.142E+19 0.270E+18 0.854E-07        255.                  
    110.0 0.150E+18 0.122E+19 0.226E+18 0.734E-07        262.                  
    111.0 0.139E+18 0.106E+19 0.189E+18 0.634E-07        268.                  
    112.0 0.130E+18 0.918E+18 0.159E+18 0.550E-07        275.                  
    113.0 0.120E+18 0.798E+18 0.134E+18 0.478E-07        281.                  
    114.0 0.112E+18 0.695E+18 0.113E+18 0.416E-07        288.                  
    115.0 0.104E+18 0.606E+18 0.955E+17 0.362E-07        296.                  
    116.0 0.953E+17 0.527E+18 0.805E+17 0.315E-07        306.                  
    117.0 0.872E+17 0.456E+18 0.675E+17 0.273E-07        319.                  
    118.0 0.794E+17 0.395E+18 0.567E+17 0.236E-07        335.                  
    119.0 0.726E+17 0.344E+18 0.479E+17 0.206E-07        350.                  
    120.0 0.666E+17 0.302E+18 0.409E+17 0.181E-07        364.                  
    121.0 0.614E+17 0.267E+18 0.351E+17 0.160E-07        378.                  
    122.0 0.568E+17 0.237E+18 0.304E+17 0.142E-07        392.                  
    123.0 0.527E+17 0.211E+18 0.264E+17 0.127E-07        406.                  
    124.0 0.490E+17 0.189E+18 0.231E+17 0.114E-07        419.                  
    125.0 0.457E+17 0.171E+18 0.204E+17 0.103E-07        431.                  
    126.0 0.428E+17 0.154E+18 0.180E+17 0.930E-08        444.                  
    127.0 0.401E+17 0.140E+18 0.160E+17 0.845E-08        456.                  
    128.0 0.376E+17 0.127E+18 0.143E+17 0.770E-08        468.                  
    129.0 0.354E+17 0.116E+18 0.128E+17 0.705E-08        479.                  
    130.0 0.333E+17 0.106E+18 0.115E+17 0.646E-08        490.                  
    131.0 0.315E+17 0.975E+17 0.104E+17 0.594E-08        501.                  
    132.0 0.297E+17 0.897E+17 0.942E+16 0.548E-08        511.                  
    133.0 0.282E+17 0.827E+17 0.856E+16 0.507E-08        522.                  
    134.0 0.267E+17 0.764E+17 0.780E+16 0.469E-08        532.                  
    135.0 0.253E+17 0.707E+17 0.713E+16 0.435E-08        541.                  
    136.0 0.241E+17 0.656E+17 0.653E+16 0.405E-08        551.                  
    137.0 0.229E+17 0.609E+17 0.599E+16 0.377E-08        560.                  
    138.0 0.218E+17 0.567E+17 0.552E+16 0.352E-08        569.                  
    139.0 0.208E+17 0.529E+17 0.509E+16 0.329E-08        577.                  
    140.0 0.198E+17 0.493E+17 0.470E+16 0.308E-08        586.                  
    141.0 0.190E+17 0.461E+17 0.435E+16 0.289E-08        594.                  
    142.0 0.181E+17 0.432E+17 0.403E+16 0.271E-08        602.                  
    143.0 0.173E+17 0.404E+17 0.374E+16 0.255E-08        610.                  
    144.0 0.166E+17 0.379E+17 0.348E+16 0.240E-08        617.                  
    145.0 0.159E+17 0.356E+17 0.324E+16 0.226E-08        625.                  
    146.0 0.153E+17 0.335E+17 0.302E+16 0.213E-08        632.                  
    147.0 0.147E+17 0.315E+17 0.282E+16 0.201E-08        639.                  
    148.0 0.141E+17 0.297E+17 0.264E+16 0.190E-08        645.                  
    149.0 0.135E+17 0.280E+17 0.247E+16 0.180E-08        652.                  
    150.0 0.130E+17 0.264E+17 0.231E+16 0.170E-08        658.                  
    151.0 0.125E+17 0.249E+17 0.217E+16 0.161E-08        665.                  
    152.0 0.121E+17 0.236E+17 0.203E+16 0.153E-08        671.                  
    153.0 0.116E+17 0.223E+17 0.191E+16 0.145E-08        677.                  
    154.0 0.112E+17 0.211E+17 0.180E+16 0.138E-08        682.                  
    155.0 0.108E+17 0.200E+17 0.169E+16 0.131E-08        688.                  
    156.0 0.105E+17 0.190E+17 0.159E+16 0.125E-08        693.                  
    157.0 0.101E+17 0.180E+17 0.150E+16 0.119E-08        699.                  
    158.0 0.975E+16 0.171E+17 0.141E+16 0.113E-08        704.                  
    159.0 0.943E+16 0.162E+17 0.133E+16 0.108E-08        709.                  
    160.0 0.912E+16 0.154E+17 0.126E+16 0.103E-08        714.                  
    161.0 0.882E+16 0.146E+17 0.119E+16 0.980E-09        718.                  
    162.0 0.853E+16 0.139E+17 0.112E+16 0.936E-09        723.                  
    163.0 0.826E+16 0.133E+17 0.106E+16 0.894E-09        728.                  
    164.0 0.800E+16 0.126E+17 0.101E+16 0.855E-09        732.                  
    165.0 0.775E+16 0.120E+17 0.953E+15 0.817E-09        736.                  
    166.0 0.751E+16 0.115E+17 0.903E+15 0.782E-09        740.                  
    167.0 0.728E+16 0.109E+17 0.855E+15 0.748E-09        744.                  
    168.0 0.706E+16 0.104E+17 0.811E+15 0.717E-09        748.                  
    169.0 0.685E+16 0.994E+16 0.769E+15 0.687E-09        752.                  
    170.0 0.665E+16 0.949E+16 0.730E+15 0.658E-09        756.                  
    171.0 0.646E+16 0.907E+16 0.693E+15 0.631E-09        759.                  
    172.0 0.627E+16 0.866E+16 0.658E+15 0.605E-09        763.                  
    173.0 0.609E+16 0.828E+16 0.625E+15 0.581E-09        766.                  
    174.0 0.591E+16 0.791E+16 0.594E+15 0.558E-09        770.                  
    175.0 0.575E+16 0.756E+16 0.565E+15 0.535E-09        773.                  
    176.0 0.559E+16 0.724E+16 0.537E+15 0.514E-09        776.                  
    177.0 0.543E+16 0.692E+16 0.511E+15 0.494E-09        779.                  
    178.0 0.528E+16 0.663E+16 0.486E+15 0.475E-09        782.                  
    179.0 0.514E+16 0.634E+16 0.463E+15 0.457E-09        785.                  
    180.0 0.500E+16 0.607E+16 0.441E+15 0.440E-09        788.                  
    181.0 0.486E+16 0.582E+16 0.420E+15 0.423E-09        791.                  
    182.0 0.473E+16 0.557E+16 0.400E+15 0.407E-09        793.                  
    183.0 0.461E+16 0.534E+16 0.381E+15 0.392E-09        796.                  
    184.0 0.449E+16 0.512E+16 0.363E+15 0.377E-09        798.                  
    185.0 0.437E+16 0.491E+16 0.346E+15 0.364E-09        801.                  
    186.0 0.426E+16 0.471E+16 0.330E+15 0.350E-09        803.                  
    187.0 0.415E+16 0.452E+16 0.315E+15 0.338E-09        806.                  
    188.0 0.404E+16 0.433E+16 0.301E+15 0.326E-09        808.                  
    189.0 0.394E+16 0.416E+16 0.287E+15 0.314E-09        810.                  
    190.0 0.384E+16 0.399E+16 0.274E+15 0.303E-09        812.                  
    191.0 0.374E+16 0.383E+16 0.262E+15 0.292E-09        814.                  
    192.0 0.365E+16 0.368E+16 0.250E+15 0.282E-09        816.                  
    193.0 0.356E+16 0.353E+16 0.239E+15 0.272E-09        818.                  
    194.0 0.347E+16 0.339E+16 0.228E+15 0.263E-09        820.                  
    195.0 0.338E+16 0.326E+16 0.218E+15 0.254E-09        822.                  
    196.0 0.330E+16 0.313E+16 0.208E+15 0.245E-09        824.                  
    197.0 0.322E+16 0.301E+16 0.199E+15 0.237E-09        826.                  
    198.0 0.314E+16 0.289E+16 0.190E+15 0.229E-09        828.                  
    199.0 0.307E+16 0.278E+16 0.182E+15 0.221E-09        829.                  
    200.0 0.299E+16 0.267E+16 0.174E+15 0.214E-09        831.                  
    201.0 0.292E+16 0.257E+16 0.166E+15 0.207E-09        833.                  
    202.0 0.285E+16 0.247E+16 0.159E+15 0.200E-09        834.                  
    203.0 0.278E+16 0.238E+16 0.152E+15 0.193E-09        836.                  
    204.0 0.272E+16 0.229E+16 0.146E+15 0.187E-09        837.                  
    205.0 0.266E+16 0.220E+16 0.139E+15 0.181E-09        839.                  
    206.0 0.259E+16 0.212E+16 0.133E+15 0.175E-09        840.                  
    207.0 0.253E+16 0.204E+16 0.128E+15 0.169E-09        841.                  
    208.0 0.247E+16 0.196E+16 0.122E+15 0.164E-09        843.                  
    209.0 0.242E+16 0.189E+16 0.117E+15 0.159E-09        844.                  
    210.0 0.236E+16 0.182E+16 0.112E+15 0.154E-09        845.                  
    211.0 0.231E+16 0.175E+16 0.107E+15 0.149E-09        846.                  
    212.0 0.226E+16 0.168E+16 0.103E+15 0.144E-09        848.                  
    213.0 0.220E+16 0.162E+16 0.985E+14 0.140E-09        849.                  
    214.0 0.215E+16 0.156E+16 0.943E+14 0.135E-09        850.                  
    215.0 0.211E+16 0.150E+16 0.904E+14 0.131E-09        851.                  
    216.0 0.206E+16 0.145E+16 0.866E+14 0.127E-09        852.                  
    217.0 0.201E+16 0.139E+16 0.830E+14 0.123E-09        853.                  
    218.0 0.197E+16 0.134E+16 0.795E+14 0.119E-09        854.                  
    219.0 0.192E+16 0.129E+16 0.762E+14 0.116E-09        855.                  
    220.0 0.188E+16 0.125E+16 0.731E+14 0.112E-09        856.                  
    221.0 0.184E+16 0.120E+16 0.700E+14 0.109E-09        857.                  
    222.0 0.180E+16 0.116E+16 0.671E+14 0.106E-09        858.                  
    223.0 0.176E+16 0.112E+16 0.644E+14 0.102E-09        859.                  
    224.0 0.172E+16 0.108E+16 0.617E+14 0.994E-10        860.                  
    225.0 0.168E+16 0.104E+16 0.592E+14 0.964E-10        861.                  
    226.0 0.165E+16 0.999E+15 0.568E+14 0.936E-10        861.                  
    227.0 0.161E+16 0.963E+15 0.544E+14 0.908E-10        862.                  
    228.0 0.158E+16 0.928E+15 0.522E+14 0.882E-10        863.                  
    229.0 0.154E+16 0.895E+15 0.501E+14 0.856E-10        864.                  
    230.0 0.151E+16 0.863E+15 0.481E+14 0.831E-10        864.                  
    231.0 0.148E+16 0.832E+15 0.461E+14 0.807E-10        865.                  
    232.0 0.144E+16 0.802E+15 0.442E+14 0.784E-10        866.                  
    233.0 0.141E+16 0.774E+15 0.424E+14 0.761E-10        867.                  
    234.0 0.138E+16 0.746E+15 0.407E+14 0.740E-10        867.                  
    235.0 0.135E+16 0.720E+15 0.391E+14 0.718E-10        868.                  
    236.0 0.133E+16 0.694E+15 0.375E+14 0.698E-10        868.                  
    237.0 0.130E+16 0.670E+15 0.360E+14 0.678E-10        869.                  
    238.0 0.127E+16 0.646E+15 0.345E+14 0.659E-10        870.                  
    239.0 0.124E+16 0.623E+15 0.332E+14 0.641E-10        870.                  
    240.0 0.122E+16 0.601E+15 0.318E+14 0.623E-10        871.                  
    241.0 0.119E+16 0.580E+15 0.306E+14 0.605E-10        871.                  
    242.0 0.117E+16 0.560E+15 0.293E+14 0.589E-10        872.                  
    243.0 0.114E+16 0.540E+15 0.282E+14 0.572E-10        872.                  
    244.0 0.112E+16 0.521E+15 0.270E+14 0.556E-10        873.                  
    245.0 0.109E+16 0.503E+15 0.260E+14 0.541E-10        873.                  
    246.0 0.107E+16 0.485E+15 0.249E+14 0.526E-10        874.                  
    247.0 0.105E+16 0.468E+15 0.239E+14 0.512E-10        874.                  
    248.0 0.103E+16 0.452E+15 0.230E+14 0.498E-10        875.                  
    249.0 0.101E+16 0.436E+15 0.221E+14 0.485E-10        875.                  
    250.0 0.986E+15 0.421E+15 0.212E+14 0.471E-10        876.                  
    251.0 0.965E+15 0.406E+15 0.204E+14 0.459E-10        876.                  
    252.0 0.945E+15 0.392E+15 0.196E+14 0.446E-10        877.                  
    253.0 0.926E+15 0.379E+15 0.188E+14 0.435E-10        877.                  
    254.0 0.907E+15 0.366E+15 0.180E+14 0.423E-10        877.                  
    255.0 0.888E+15 0.353E+15 0.173E+14 0.412E-10        878.                  
    256.0 0.870E+15 0.341E+15 0.167E+14 0.401E-10        878.                  
    257.0 0.852E+15 0.329E+15 0.160E+14 0.390E-10        878.                  
    258.0 0.835E+15 0.318E+15 0.154E+14 0.380E-10        879.                  
    259.0 0.818E+15 0.307E+15 0.148E+14 0.370E-10        879.                  
    260.0 0.801E+15 0.296E+15 0.142E+14 0.360E-10        879.                  
    261.0 0.785E+15 0.286E+15 0.136E+14 0.351E-10        880.                  
    262.0 0.769E+15 0.276E+15 0.131E+14 0.342E-10        880.                  
    263.0 0.754E+15 0.267E+15 0.126E+14 0.333E-10        880.                  
    264.0 0.738E+15 0.257E+15 0.121E+14 0.324E-10        881.                  
    265.0 0.723E+15 0.249E+15 0.116E+14 0.316E-10        881.                  
    266.0 0.709E+15 0.240E+15 0.112E+14 0.308E-10        881.                  
    267.0 0.695E+15 0.232E+15 0.107E+14 0.300E-10        882.                  
    268.0 0.681E+15 0.224E+15 0.103E+14 0.292E-10        882.                  
    269.0 0.667E+15 0.216E+15 0.991E+13 0.285E-10        882.                  
    270.0 0.654E+15 0.209E+15 0.953E+13 0.278E-10        882.                  
    271.0 0.640E+15 0.202E+15 0.916E+13 0.271E-10        883.                  
    272.0 0.628E+15 0.195E+15 0.880E+13 0.264E-10        883.                  
    273.0 0.615E+15 0.188E+15 0.846E+13 0.257E-10        883.                  
    274.0 0.603E+15 0.182E+15 0.813E+13 0.251E-10        883.                  
    275.0 0.591E+15 0.176E+15 0.782E+13 0.244E-10        884.                  
    276.0 0.579E+15 0.170E+15 0.752E+13 0.238E-10        884.                  
    277.0 0.567E+15 0.164E+15 0.722E+13 0.232E-10        884.                  
    278.0 0.556E+15 0.158E+15 0.695E+13 0.227E-10        884.                  
    279.0 0.545E+15 0.153E+15 0.668E+13 0.221E-10        884.                  
    280.0 0.534E+15 0.148E+15 0.642E+13 0.216E-10        885.                  
    281.0 0.524E+15 0.143E+15 0.617E+13 0.210E-10        885.                  
    282.0 0.513E+15 0.138E+15 0.593E+13 0.205E-10        885.                  
    283.0 0.503E+15 0.133E+15 0.570E+13 0.200E-10        885.                  
    284.0 0.493E+15 0.129E+15 0.549E+13 0.195E-10        885.                  
    285.0 0.483E+15 0.124E+15 0.527E+13 0.191E-10        885.                  
    286.0 0.474E+15 0.120E+15 0.507E+13 0.186E-10        886.                  
    287.0 0.465E+15 0.116E+15 0.488E+13 0.181E-10        886.                  
    288.0 0.455E+15 0.112E+15 0.469E+13 0.177E-10        886.                  
    289.0 0.446E+15 0.108E+15 0.451E+13 0.173E-10        886.                  
    290.0 0.438E+15 0.105E+15 0.434E+13 0.169E-10        886.                  
    291.0 0.429E+15 0.101E+15 0.417E+13 0.165E-10        886.                  
    292.0 0.421E+15 0.979E+14 0.401E+13 0.161E-10        887.                  
    293.0 0.412E+15 0.946E+14 0.386E+13 0.157E-10        887.                  
    294.0 0.404E+15 0.914E+14 0.371E+13 0.153E-10        887.                  
    295.0 0.396E+15 0.884E+14 0.357E+13 0.149E-10        887.                  
    296.0 0.389E+15 0.854E+14 0.343E+13 0.146E-10        887.                  
    297.0 0.381E+15 0.825E+14 0.330E+13 0.143E-10        887.                  
    298.0 0.374E+15 0.798E+14 0.317E+13 0.139E-10        887.                  
    299.0 0.366E+15 0.771E+14 0.305E+13 0.136E-10        887.                  
    300.0 0.359E+15 0.745E+14 0.294E+13 0.133E-10        888.                  
    301.0 0.349E+15 0.720E+14 0.282E+13 0.129E-10        888.                  
    302.0 0.342E+15 0.696E+14 0.272E+13 0.126E-10        888.                  
    303.0 0.335E+15 0.673E+14 0.261E+13 0.123E-10        888.                  
    304.0 0.329E+15 0.650E+14 0.251E+13 0.120E-10        888.                  
    305.0 0.323E+15 0.629E+14 0.242E+13 0.117E-10        888.                  
    306.0 0.316E+15 0.608E+14 0.232E+13 0.115E-10        888.                  
    307.0 0.310E+15 0.587E+14 0.224E+13 0.112E-10        888.                  
    308.0 0.304E+15 0.568E+14 0.215E+13 0.109E-10        888.                  
    309.0 0.299E+15 0.549E+14 0.207E+13 0.107E-10        888.                  
    310.0 0.293E+15 0.530E+14 0.199E+13 0.104E-10        889.                  
    311.0 0.287E+15 0.513E+14 0.192E+13 0.102E-10        889.                  
    312.0 0.282E+15 0.496E+14 0.184E+13 0.998E-11        889.                  
    313.0 0.276E+15 0.479E+14 0.177E+13 0.975E-11        889.                  
    314.0 0.271E+15 0.463E+14 0.171E+13 0.953E-11        889.                  
    315.0 0.266E+15 0.448E+14 0.164E+13 0.932E-11        889.                  
    316.0 0.261E+15 0.433E+14 0.158E+13 0.911E-11        889.                  
    317.0 0.256E+15 0.419E+14 0.152E+13 0.891E-11        889.                  
    318.0 0.251E+15 0.405E+14 0.146E+13 0.871E-11        889.                  
    319.0 0.246E+15 0.391E+14 0.141E+13 0.851E-11        889.                  
    320.0 0.241E+15 0.378E+14 0.135E+13 0.832E-11        889.                  
    321.0 0.237E+15 0.366E+14 0.130E+13 0.814E-11        889.                  
    322.0 0.232E+15 0.354E+14 0.125E+13 0.796E-11        889.                  
    323.0 0.228E+15 0.342E+14 0.121E+13 0.778E-11        890.                  
    324.0 0.223E+15 0.331E+14 0.116E+13 0.761E-11        890.                  
    325.0 0.219E+15 0.320E+14 0.112E+13 0.744E-11        890.                  
    326.0 0.215E+15 0.309E+14 0.107E+13 0.728E-11        890.                  
    327.0 0.211E+15 0.299E+14 0.103E+13 0.712E-11        890.                  
    328.0 0.207E+15 0.289E+14 0.994E+12 0.696E-11        890.                  
    329.0 0.203E+15 0.279E+14 0.957E+12 0.681E-11        890.                  
    330.0 0.199E+15 0.270E+14 0.921E+12 0.666E-11        890.                  
    331.0 0.195E+15 0.261E+14 0.886E+12 0.652E-11        890.                  
    332.0 0.191E+15 0.253E+14 0.853E+12 0.638E-11        890.                  
    333.0 0.188E+15 0.244E+14 0.821E+12 0.624E-11        890.                  
    334.0 0.184E+15 0.236E+14 0.790E+12 0.610E-11        890.                  
    335.0 0.181E+15 0.228E+14 0.760E+12 0.597E-11        890.                  
    336.0 0.177E+15 0.221E+14 0.732E+12 0.584E-11        890.                  
    337.0 0.174E+15 0.214E+14 0.704E+12 0.572E-11        890.                  
    338.0 0.171E+15 0.207E+14 0.678E+12 0.559E-11        890.                  
    339.0 0.167E+15 0.200E+14 0.652E+12 0.548E-11        890.                  
    340.0 0.164E+15 0.193E+14 0.628E+12 0.536E-11        890.                  
    341.0 0.161E+15 0.187E+14 0.604E+12 0.524E-11        890.                  
    342.0 0.158E+15 0.181E+14 0.582E+12 0.513E-11        890.                  
    343.0 0.155E+15 0.175E+14 0.560E+12 0.502E-11        891.                  
    344.0 0.152E+15 0.169E+14 0.539E+12 0.492E-11        891.                  
    345.0 0.149E+15 0.163E+14 0.519E+12 0.481E-11        891.                  
    346.0 0.146E+15 0.158E+14 0.499E+12 0.471E-11        891.                  
    347.0 0.144E+15 0.153E+14 0.481E+12 0.461E-11        891.                  
    348.0 0.141E+15 0.148E+14 0.463E+12 0.451E-11        891.                  
    349.0 0.138E+15 0.143E+14 0.445E+12 0.442E-11        891.                  
    350.0 0.136E+15 0.138E+14 0.429E+12 0.433E-11        891.                  
    351.0 0.133E+15 0.134E+14 0.413E+12 0.424E-11        891.                  
    352.0 0.131E+15 0.129E+14 0.397E+12 0.415E-11        891.                  
    353.0 0.128E+15 0.125E+14 0.382E+12 0.406E-11        891.                  
    354.0 0.126E+15 0.121E+14 0.368E+12 0.398E-11        891.                  
    355.0 0.123E+15 0.117E+14 0.354E+12 0.389E-11        891.                  
    356.0 0.121E+15 0.113E+14 0.341E+12 0.381E-11        891.                  
    357.0 0.119E+15 0.110E+14 0.328E+12 0.373E-11        891.                  
    358.0 0.117E+15 0.106E+14 0.316E+12 0.365E-11        891.                  
    359.0 0.114E+15 0.103E+14 0.304E+12 0.358E-11        891.                  
    360.0 0.112E+15 0.992E+13 0.293E+12 0.351E-11        891.                  
    361.0 0.110E+15 0.959E+13 0.282E+12 0.343E-11        891.                  
    362.0 0.108E+15 0.928E+13 0.272E+12 0.336E-11        891.                  
    363.0 0.106E+15 0.898E+13 0.261E+12 0.329E-11        891.                  
    364.0 0.104E+15 0.868E+13 0.252E+12 0.323E-11        891.                  
    365.0 0.102E+15 0.840E+13 0.242E+12 0.316E-11        891.                  
    366.0 0.100E+15 0.813E+13 0.233E+12 0.309E-11        891.                  
    367.0 0.982E+14 0.786E+13 0.225E+12 0.303E-11        891.                  
    368.0 0.964E+14 0.760E+13 0.216E+12 0.297E-11        891.                  
    369.0 0.946E+14 0.736E+13 0.208E+12 0.291E-11        891.                  
    370.0 0.928E+14 0.712E+13 0.201E+12 0.285E-11        891.                  
    371.0 0.910E+14 0.688E+13 0.193E+12 0.279E-11        891.                  
    372.0 0.893E+14 0.666E+13 0.186E+12 0.274E-11        891.                  
    373.0 0.877E+14 0.644E+13 0.179E+12 0.268E-11        891.                  
    374.0 0.860E+14 0.623E+13 0.172E+12 0.263E-11        891.                  
    375.0 0.844E+14 0.603E+13 0.166E+12 0.257E-11        891.                  
    376.0 0.828E+14 0.584E+13 0.160E+12 0.252E-11        891.                  
    377.0 0.813E+14 0.565E+13 0.154E+12 0.247E-11        891.                  
    378.0 0.798E+14 0.546E+13 0.148E+12 0.242E-11        891.                  
    379.0 0.783E+14 0.528E+13 0.143E+12 0.237E-11        891.                  
    380.0 0.768E+14 0.511E+13 0.137E+12 0.232E-11        891.                  
    381.0 0.754E+14 0.495E+13 0.132E+12 0.228E-11        891.                  
    382.0 0.740E+14 0.479E+13 0.127E+12 0.223E-11        891.                  
    383.0 0.726E+14 0.463E+13 0.123E+12 0.219E-11        891.                  
    384.0 0.712E+14 0.448E+13 0.118E+12 0.214E-11        891.                  
    385.0 0.699E+14 0.434E+13 0.114E+12 0.210E-11        891.                  
    386.0 0.686E+14 0.420E+13 0.110E+12 0.206E-11        891.                  
    387.0 0.673E+14 0.406E+13 0.106E+12 0.202E-11        892.                  
    388.0 0.661E+14 0.393E+13 0.102E+12 0.198E-11        892.                  
    389.0 0.648E+14 0.380E+13 0.979E+11 0.194E-11        892.                  
    390.0 0.636E+14 0.368E+13 0.943E+11 0.190E-11        892.                  
    391.0 0.624E+14 0.356E+13 0.908E+11 0.186E-11        892.                  
    392.0 0.613E+14 0.344E+13 0.875E+11 0.183E-11        892.                  
    393.0 0.601E+14 0.333E+13 0.843E+11 0.179E-11        892.                  
    394.0 0.590E+14 0.322E+13 0.812E+11 0.176E-11        892.                  
    395.0 0.579E+14 0.312E+13 0.782E+11 0.172E-11        892.                  
    396.0 0.568E+14 0.302E+13 0.753E+11 0.169E-11        892.                  
    397.0 0.558E+14 0.292E+13 0.725E+11 0.165E-11        892.                  
    398.0 0.547E+14 0.283E+13 0.699E+11 0.162E-11        892.                  
    399.0 0.537E+14 0.274E+13 0.673E+11 0.159E-11        892.                  
    400.0 0.527E+14 0.265E+13 0.648E+11 0.156E-11        892.                  
    401.0 0.518E+14 0.256E+13 0.624E+11 0.153E-11        892.                  
    402.0 0.508E+14 0.248E+13 0.601E+11 0.150E-11        892.                  
    403.0 0.498E+14 0.240E+13 0.579E+11 0.147E-11        892.                  
    404.0 0.489E+14 0.232E+13 0.558E+11 0.144E-11        892.                  
    405.0 0.480E+14 0.225E+13 0.537E+11 0.141E-11        892.                  
    406.0 0.471E+14 0.218E+13 0.518E+11 0.139E-11        892.                  
    407.0 0.463E+14 0.211E+13 0.499E+11 0.136E-11        892.                  
    408.0 0.454E+14 0.204E+13 0.480E+11 0.133E-11        892.                  
    409.0 0.446E+14 0.197E+13 0.463E+11 0.131E-11        892.                  
    410.0 0.437E+14 0.191E+13 0.446E+11 0.128E-11        892.                  
    411.0 0.429E+14 0.185E+13 0.429E+11 0.126E-11        892.                  
    412.0 0.421E+14 0.179E+13 0.414E+11 0.123E-11        892.                  
    413.0 0.413E+14 0.173E+13 0.399E+11 0.121E-11        892.                  
    414.0 0.406E+14 0.167E+13 0.384E+11 0.119E-11        892.                  
    415.0 0.398E+14 0.162E+13 0.370E+11 0.116E-11        892.                  
    416.0 0.391E+14 0.157E+13 0.356E+11 0.114E-11        892.                  
    417.0 0.384E+14 0.152E+13 0.343E+11 0.112E-11        892.                  
    418.0 0.377E+14 0.147E+13 0.331E+11 0.110E-11        892.                  
    419.0 0.370E+14 0.142E+13 0.319E+11 0.108E-11        892.                  
    420.0 0.363E+14 0.138E+13 0.307E+11 0.106E-11        892.                  
    421.0 0.356E+14 0.133E+13 0.296E+11 0.104E-11        892.                  
    422.0 0.350E+14 0.129E+13 0.285E+11 0.102E-11        892.                  
    423.0 0.343E+14 0.125E+13 0.275E+11 0.996E-12        892.                  
    424.0 0.337E+14 0.121E+13 0.265E+11 0.977E-12        892.                  
    425.0 0.331E+14 0.117E+13 0.255E+11 0.959E-12        892.                  
    426.0 0.325E+14 0.113E+13 0.246E+11 0.940E-12        892.                  
    427.0 0.319E+14 0.110E+13 0.237E+11 0.922E-12        892.                  
    428.0 0.313E+14 0.106E+13 0.228E+11 0.905E-12        892.                  
    429.0 0.307E+14 0.103E+13 0.220E+11 0.888E-12        892.                  
    430.0 0.301E+14 0.995E+12 0.212E+11 0.871E-12        892.                  
    431.0 0.296E+14 0.963E+12 0.204E+11 0.855E-12        892.                  
    432.0 0.290E+14 0.932E+12 0.196E+11 0.839E-12        892.                  
    433.0 0.285E+14 0.902E+12 0.189E+11 0.823E-12        892.                  
    434.0 0.280E+14 0.873E+12 0.182E+11 0.807E-12        892.                  
    435.0 0.275E+14 0.846E+12 0.176E+11 0.792E-12        892.                  
    436.0 0.270E+14 0.819E+12 0.169E+11 0.777E-12        892.                  
    437.0 0.265E+14 0.792E+12 0.163E+11 0.763E-12        892.                  
    438.0 0.260E+14 0.767E+12 0.157E+11 0.748E-12        892.                  
    439.0 0.255E+14 0.743E+12 0.152E+11 0.734E-12        892.                  
    440.0 0.250E+14 0.719E+12 0.146E+11 0.720E-12        892.                  
    441.0 0.246E+14 0.696E+12 0.141E+11 0.707E-12        892.                  
    442.0 0.241E+14 0.674E+12 0.136E+11 0.694E-12        892.                  
    443.0 0.237E+14 0.652E+12 0.131E+11 0.681E-12        892.                  
    444.0 0.232E+14 0.632E+12 0.126E+11 0.668E-12        892.                  
    445.0 0.228E+14 0.612E+12 0.121E+11 0.656E-12        892.                  
    446.0 0.224E+14 0.592E+12 0.117E+11 0.643E-12        892.                  
    447.0 0.220E+14 0.573E+12 0.113E+11 0.631E-12        892.                  
    448.0 0.216E+14 0.555E+12 0.109E+11 0.620E-12        892.                  
    449.0 0.212E+14 0.537E+12 0.105E+11 0.608E-12        892.                  
    450.0 0.208E+14 0.520E+12 0.101E+11 0.597E-12        892.                  
    451.0 0.204E+14 0.504E+12 0.973E+10 0.586E-12        892.                  
    452.0 0.201E+14 0.488E+12 0.937E+10 0.575E-12        892.                  
    453.0 0.197E+14 0.472E+12 0.903E+10 0.564E-12        892.                  
    454.0 0.193E+14 0.457E+12 0.871E+10 0.554E-12        892.                  
    455.0 0.190E+14 0.443E+12 0.839E+10 0.544E-12        892.                  
    456.0 0.186E+14 0.429E+12 0.809E+10 0.534E-12        892.                  
    457.0 0.183E+14 0.415E+12 0.780E+10 0.524E-12        892.                  
    458.0 0.180E+14 0.402E+12 0.751E+10 0.514E-12        892.                  
    459.0 0.176E+14 0.389E+12 0.724E+10 0.505E-12        892.                  
    460.0 0.173E+14 0.377E+12 0.698E+10 0.496E-12        892.                  
    461.0 0.170E+14 0.365E+12 0.673E+10 0.486E-12        892.                  
    462.0 0.167E+14 0.353E+12 0.649E+10 0.477E-12        892.                  
    463.0 0.164E+14 0.342E+12 0.625E+10 0.469E-12        892.                  
    464.0 0.161E+14 0.331E+12 0.603E+10 0.460E-12        892.                  
    465.0 0.158E+14 0.321E+12 0.581E+10 0.452E-12        892.                  
    466.0 0.155E+14 0.311E+12 0.560E+10 0.444E-12        892.                  
    467.0 0.152E+14 0.301E+12 0.540E+10 0.435E-12        892.                  
    468.0 0.149E+14 0.291E+12 0.520E+10 0.427E-12        892.                  
    469.0 0.147E+14 0.282E+12 0.502E+10 0.420E-12        892.                  
    470.0 0.144E+14 0.273E+12 0.483E+10 0.412E-12        892.                  
    471.0 0.141E+14 0.265E+12 0.466E+10 0.405E-12        892.                  
    472.0 0.139E+14 0.256E+12 0.449E+10 0.397E-12        892.                  
    473.0 0.136E+14 0.248E+12 0.433E+10 0.390E-12        892.                  
    474.0 0.134E+14 0.240E+12 0.417E+10 0.383E-12        892.                  
    475.0 0.131E+14 0.233E+12 0.402E+10 0.376E-12        892.                  
    476.0 0.129E+14 0.225E+12 0.388E+10 0.369E-12        892.                  
    477.0 0.127E+14 0.218E+12 0.374E+10 0.363E-12        892.                  
    478.0 0.124E+14 0.211E+12 0.361E+10 0.356E-12        892.                  
    479.0 0.122E+14 0.205E+12 0.348E+10 0.350E-12        892.                  
    480.0 0.120E+14 0.198E+12 0.335E+10 0.343E-12        892.                  
    481.0 0.118E+14 0.192E+12 0.323E+10 0.337E-12        892.                  
    482.0 0.116E+14 0.186E+12 0.311E+10 0.331E-12        892.                  
    483.0 0.113E+14 0.180E+12 0.300E+10 0.325E-12        892.                  
    484.0 0.111E+14 0.174E+12 0.290E+10 0.319E-12        892.                  
    485.0 0.109E+14 0.169E+12 0.279E+10 0.313E-12        892.                  
    486.0 0.107E+14 0.164E+12 0.269E+10 0.308E-12        892.                  
    487.0 0.105E+14 0.159E+12 0.259E+10 0.302E-12        892.                  
    488.0 0.104E+14 0.154E+12 0.250E+10 0.297E-12        892.                  
    489.0 0.102E+14 0.149E+12 0.241E+10 0.292E-12        892.                  
    490.0 0.999E+13 0.144E+12 0.233E+10 0.286E-12        892.                  
    491.0 0.981E+13 0.140E+12 0.224E+10 0.281E-12        892.                  
    492.0 0.963E+13 0.135E+12 0.216E+10 0.276E-12        892.                  
    493.0 0.946E+13 0.131E+12 0.208E+10 0.271E-12        892.                  
    494.0 0.929E+13 0.127E+12 0.201E+10 0.267E-12        892.                  
    495.0 0.912E+13 0.123E+12 0.194E+10 0.262E-12        892.                  
    496.0 0.895E+13 0.119E+12 0.187E+10 0.257E-12        892.                  
    497.0 0.879E+13 0.115E+12 0.180E+10 0.253E-12        892.                  
    498.0 0.863E+13 0.112E+12 0.174E+10 0.248E-12        892.                  
    499.0 0.848E+13 0.108E+12 0.168E+10 0.244E-12        892.                  
    500.0 0.832E+13 0.105E+12 0.162E+10 0.239E-12        892.                  
    501.0 0.817E+13 0.101E+12 0.156E+10 0.235E-12        892.                  
    502.0 0.803E+13 0.983E+11 0.150E+10 0.231E-12        892.                  
    503.0 0.788E+13 0.952E+11 0.145E+10 0.227E-12        892.                  
    504.0 0.774E+13 0.922E+11 0.140E+10 0.223E-12        892.                  
    505.0 0.760E+13 0.893E+11 0.135E+10 0.219E-12        892.                  
    506.0 0.746E+13 0.865E+11 0.130E+10 0.215E-12        892.                  
    507.0 0.733E+13 0.838E+11 0.125E+10 0.211E-12        892.                  
    508.0 0.720E+13 0.812E+11 0.121E+10 0.208E-12        892.                  
    509.0 0.707E+13 0.787E+11 0.117E+10 0.204E-12        892.                  
    510.0 0.694E+13 0.762E+11 0.112E+10 0.200E-12        892.                  
    511.0 0.682E+13 0.738E+11 0.108E+10 0.197E-12        892.                  
    512.0 0.669E+13 0.715E+11 0.105E+10 0.193E-12        892.                  
    513.0 0.657E+13 0.693E+11 0.101E+10 0.190E-12        892.                  
    514.0 0.646E+13 0.671E+11 0.972E+09 0.187E-12        892.                  
    515.0 0.634E+13 0.650E+11 0.937E+09 0.183E-12        892.                  
    516.0 0.623E+13 0.630E+11 0.904E+09 0.180E-12        892.                  
    517.0 0.612E+13 0.610E+11 0.872E+09 0.177E-12        892.                  
    518.0 0.601E+13 0.591E+11 0.841E+09 0.174E-12        892.                  
    519.0 0.590E+13 0.573E+11 0.811E+09 0.171E-12        892.                  
    520.0 0.579E+13 0.555E+11 0.782E+09 0.168E-12        892.                  
    521.0 0.569E+13 0.538E+11 0.755E+09 0.165E-12        892.                  
    522.0 0.559E+13 0.521E+11 0.728E+09 0.162E-12        892.                  
    523.0 0.549E+13 0.505E+11 0.702E+09 0.160E-12        892.                  
    524.0 0.539E+13 0.489E+11 0.677E+09 0.157E-12        892.                  
    525.0 0.529E+13 0.474E+11 0.653E+09 0.154E-12        892.                  
    526.0 0.520E+13 0.459E+11 0.630E+09 0.151E-12        892.                  
    527.0 0.510E+13 0.445E+11 0.608E+09 0.149E-12        892.                  
    528.0 0.501E+13 0.431E+11 0.586E+09 0.146E-12        892.                  
    529.0 0.492E+13 0.418E+11 0.565E+09 0.144E-12        892.                  
    530.0 0.484E+13 0.405E+11 0.545E+09 0.141E-12        892.                  
    531.0 0.475E+13 0.392E+11 0.526E+09 0.139E-12        892.                  
    532.0 0.466E+13 0.380E+11 0.507E+09 0.136E-12        892.                  
    533.0 0.458E+13 0.368E+11 0.489E+09 0.134E-12        892.                  
    534.0 0.450E+13 0.357E+11 0.472E+09 0.132E-12        892.                  
    535.0 0.442E+13 0.346E+11 0.455E+09 0.130E-12        892.                  
    536.0 0.434E+13 0.335E+11 0.439E+09 0.127E-12        892.                  
    537.0 0.426E+13 0.325E+11 0.424E+09 0.125E-12        892.                  
    538.0 0.419E+13 0.315E+11 0.409E+09 0.123E-12        892.                  
    539.0 0.411E+13 0.305E+11 0.394E+09 0.121E-12        892.                  
    540.0 0.404E+13 0.295E+11 0.380E+09 0.119E-12        892.                  
    541.0 0.397E+13 0.286E+11 0.367E+09 0.117E-12        892.                  
    542.0 0.390E+13 0.277E+11 0.354E+09 0.115E-12        892.                  
    543.0 0.383E+13 0.269E+11 0.342E+09 0.113E-12        892.                  
    544.0 0.376E+13 0.261E+11 0.329E+09 0.111E-12        892.                  
    545.0 0.369E+13 0.252E+11 0.318E+09 0.109E-12        892.                  
    546.0 0.363E+13 0.245E+11 0.307E+09 0.107E-12        892.                  
    547.0 0.356E+13 0.237E+11 0.296E+09 0.106E-12        892.                  
    548.0 0.350E+13 0.230E+11 0.285E+09 0.104E-12        892.                  
    549.0 0.344E+13 0.223E+11 0.275E+09 0.102E-12        892.                  
    550.0 0.338E+13 0.216E+11 0.266E+09 0.100E-12        892.                  
    551.0 0.332E+13 0.209E+11 0.256E+09 0.986E-13        892.                  
    552.0 0.326E+13 0.203E+11 0.247E+09 0.970E-13        892.                  
    553.0 0.320E+13 0.196E+11 0.239E+09 0.953E-13        892.                  
    554.0 0.314E+13 0.190E+11 0.230E+09 0.937E-13        892.                  
    555.0 0.309E+13 0.184E+11 0.222E+09 0.922E-13        892.                  
    556.0 0.303E+13 0.179E+11 0.214E+09 0.906E-13        892.                  
    557.0 0.298E+13 0.173E+11 0.207E+09 0.891E-13        892.                  
    558.0 0.293E+13 0.168E+11 0.199E+09 0.877E-13        892.                  
    559.0 0.287E+13 0.163E+11 0.192E+09 0.862E-13        892.                  
    560.0 0.282E+13 0.158E+11 0.186E+09 0.848E-13        892.                  
    561.0 0.277E+13 0.153E+11 0.179E+09 0.834E-13        892.                  
    562.0 0.272E+13 0.148E+11 0.173E+09 0.820E-13        892.                  
    563.0 0.268E+13 0.144E+11 0.167E+09 0.806E-13        892.                  
    564.0 0.263E+13 0.139E+11 0.161E+09 0.793E-13        892.                  
    565.0 0.258E+13 0.135E+11 0.155E+09 0.780E-13        892.                  
    566.0 0.254E+13 0.131E+11 0.150E+09 0.767E-13        892.                  
    567.0 0.249E+13 0.127E+11 0.145E+09 0.755E-13        892.                  
    568.0 0.245E+13 0.123E+11 0.140E+09 0.742E-13        892.                  
    569.0 0.240E+13 0.119E+11 0.135E+09 0.730E-13        892.                  
    570.0 0.236E+13 0.115E+11 0.130E+09 0.718E-13        892.                  
    571.0 0.232E+13 0.112E+11 0.125E+09 0.706E-13        892.                  
    572.0 0.228E+13 0.108E+11 0.121E+09 0.695E-13        892.                  
    573.0 0.224E+13 0.105E+11 0.117E+09 0.684E-13        892.                  
    574.0 0.220E+13 0.102E+11 0.113E+09 0.673E-13        892.                  
    575.0 0.216E+13 0.988E+10 0.109E+09 0.662E-13        892.                  
    576.0 0.212E+13 0.958E+10 0.105E+09 0.651E-13        892.                  
    577.0 0.208E+13 0.928E+10 0.101E+09 0.640E-13        892.                  
    578.0 0.205E+13 0.900E+10 0.978E+08 0.630E-13        892.                  
    579.0 0.201E+13 0.872E+10 0.944E+08 0.620E-13        892.                  
    580.0 0.198E+13 0.846E+10 0.911E+08 0.610E-13        892.                  
    581.0 0.194E+13 0.820E+10 0.879E+08 0.600E-13        892.                  
    582.0 0.191E+13 0.795E+10 0.848E+08 0.590E-13        892.                  
    583.0 0.187E+13 0.770E+10 0.819E+08 0.581E-13        892.                  
    584.0 0.184E+13 0.747E+10 0.790E+08 0.572E-13        892.                  
    585.0 0.181E+13 0.724E+10 0.762E+08 0.562E-13        892.                  
    586.0 0.178E+13 0.702E+10 0.736E+08 0.553E-13        892.                  
    587.0 0.175E+13 0.680E+10 0.710E+08 0.545E-13        892.                  
    588.0 0.171E+13 0.660E+10 0.685E+08 0.536E-13        892.                  
    589.0 0.168E+13 0.639E+10 0.662E+08 0.527E-13        892.                  
    590.0 0.165E+13 0.620E+10 0.639E+08 0.519E-13        892.                  
    591.0 0.163E+13 0.601E+10 0.616E+08 0.511E-13        892.                  
    592.0 0.160E+13 0.583E+10 0.595E+08 0.503E-13        892.                  
    593.0 0.157E+13 0.565E+10 0.574E+08 0.495E-13        892.                  
    594.0 0.154E+13 0.548E+10 0.554E+08 0.487E-13        892.                  
    595.0 0.151E+13 0.531E+10 0.535E+08 0.479E-13        892.                  
    596.0 0.149E+13 0.515E+10 0.516E+08 0.472E-13        892.                  
    597.0 0.146E+13 0.499E+10 0.498E+08 0.465E-13        892.                  
    598.0 0.144E+13 0.484E+10 0.481E+08 0.457E-13        892.                  
    599.0 0.141E+13 0.469E+10 0.464E+08 0.450E-13        892.                  
    600.0 0.139E+13 0.455E+10 0.448E+08 0.443E-13        892.                  
    601.0 0.136E+13 0.441E+10 0.433E+08 0.436E-13        892.                  
    602.0 0.134E+13 0.428E+10 0.418E+08 0.429E-13        892.                  
    603.0 0.132E+13 0.415E+10 0.403E+08 0.423E-13        892.                  
    604.0 0.129E+13 0.402E+10 0.389E+08 0.416E-13        892.                  
    605.0 0.127E+13 0.390E+10 0.376E+08 0.410E-13        892.                  
    606.0 0.125E+13 0.378E+10 0.363E+08 0.403E-13        892.                  
    607.0 0.123E+13 0.366E+10 0.350E+08 0.397E-13        892.                  
    608.0 0.120E+13 0.355E+10 0.338E+08 0.391E-13        892.                  
    609.0 0.118E+13 0.344E+10 0.326E+08 0.385E-13        892.                  
    610.0 0.116E+13 0.334E+10 0.315E+08 0.379E-13        892.                  
    611.0 0.114E+13 0.324E+10 0.304E+08 0.373E-13        892.                  
    612.0 0.112E+13 0.314E+10 0.294E+08 0.368E-13        892.                  
    613.0 0.110E+13 0.305E+10 0.283E+08 0.362E-13        892.                  
    614.0 0.108E+13 0.295E+10 0.274E+08 0.357E-13        892.                  
    615.0 0.106E+13 0.286E+10 0.264E+08 0.351E-13        892.                  
    616.0 0.105E+13 0.278E+10 0.255E+08 0.346E-13        892.                  
    617.0 0.103E+13 0.269E+10 0.246E+08 0.341E-13        892.                  
    618.0 0.101E+13 0.261E+10 0.238E+08 0.336E-13        892.                  
    619.0 0.992E+12 0.253E+10 0.230E+08 0.331E-13        892.                  
    620.0 0.975E+12 0.246E+10 0.222E+08 0.326E-13        892.                  
    621.0 0.958E+12 0.238E+10 0.214E+08 0.321E-13        892.                  
    622.0 0.941E+12 0.231E+10 0.207E+08 0.316E-13        892.                  
    623.0 0.925E+12 0.224E+10 0.199E+08 0.311E-13        892.                  
    624.0 0.909E+12 0.217E+10 0.193E+08 0.307E-13        892.                  
    625.0 0.893E+12 0.211E+10 0.186E+08 0.302E-13        892.                  
    626.0 0.877E+12 0.204E+10 0.180E+08 0.298E-13        892.                  
    627.0 0.862E+12 0.198E+10 0.173E+08 0.293E-13        892.                  
    628.0 0.847E+12 0.192E+10 0.167E+08 0.289E-13        892.                  
    629.0 0.832E+12 0.186E+10 0.162E+08 0.285E-13        892.                  
    630.0 0.818E+12 0.181E+10 0.156E+08 0.280E-13        892.                  
    631.0 0.804E+12 0.175E+10 0.151E+08 0.276E-13        892.                  
    632.0 0.790E+12 0.170E+10 0.145E+08 0.272E-13        892.                  
    633.0 0.776E+12 0.165E+10 0.140E+08 0.268E-13        892.                  
    634.0 0.763E+12 0.160E+10 0.136E+08 0.264E-13        892.                  
    635.0 0.749E+12 0.155E+10 0.131E+08 0.261E-13        892.                  
    636.0 0.736E+12 0.150E+10 0.126E+08 0.257E-13        892.                  
    637.0 0.724E+12 0.146E+10 0.122E+08 0.253E-13        892.                  
    638.0 0.711E+12 0.141E+10 0.118E+08 0.249E-13        892.                  
    639.0 0.699E+12 0.137E+10 0.114E+08 0.246E-13        892.                  
    640.0 0.687E+12 0.133E+10 0.110E+08 0.242E-13        892.                  
    641.0 0.675E+12 0.129E+10 0.106E+08 0.239E-13        892.                  
    642.0 0.663E+12 0.125E+10 0.103E+08 0.235E-13        892.                  
    643.0 0.652E+12 0.121E+10 0.990E+07 0.232E-13        892.                  
    644.0 0.640E+12 0.118E+10 0.956E+07 0.229E-13        892.                  
    645.0 0.629E+12 0.114E+10 0.924E+07 0.226E-13        892.                  
    646.0 0.619E+12 0.111E+10 0.892E+07 0.222E-13        892.                  
    647.0 0.608E+12 0.107E+10 0.861E+07 0.219E-13        892.                  
    648.0 0.597E+12 0.104E+10 0.832E+07 0.216E-13        892.                  
    649.0 0.587E+12 0.101E+10 0.803E+07 0.213E-13        892.                  
    650.0 0.577E+12 0.980E+09 0.776E+07 0.210E-13        892.                  
    651.0 0.567E+12 0.951E+09 0.749E+07 0.207E-13        892.                  
    652.0 0.557E+12 0.922E+09 0.724E+07 0.204E-13        892.                  
    653.0 0.548E+12 0.895E+09 0.699E+07 0.202E-13        892.                  
    654.0 0.538E+12 0.868E+09 0.675E+07 0.199E-13        892.                  
    655.0 0.529E+12 0.842E+09 0.652E+07 0.196E-13        892.                  
    656.0 0.520E+12 0.817E+09 0.630E+07 0.193E-13        892.                  
    657.0 0.511E+12 0.792E+09 0.608E+07 0.191E-13        892.                  
    658.0 0.502E+12 0.768E+09 0.587E+07 0.188E-13        892.                  
    659.0 0.493E+12 0.745E+09 0.567E+07 0.185E-13        892.                  
    660.0 0.485E+12 0.723E+09 0.548E+07 0.183E-13        892.                  
    661.0 0.476E+12 0.701E+09 0.529E+07 0.180E-13        892.                  
    662.0 0.468E+12 0.680E+09 0.511E+07 0.178E-13        892.                  
    663.0 0.460E+12 0.660E+09 0.494E+07 0.176E-13        892.                  
    664.0 0.452E+12 0.640E+09 0.477E+07 0.173E-13        892.                  
    665.0 0.444E+12 0.621E+09 0.461E+07 0.171E-13        892.                  
    666.0 0.437E+12 0.603E+09 0.445E+07 0.169E-13        892.                  
    667.0 0.429E+12 0.585E+09 0.430E+07 0.166E-13        892.                  
    668.0 0.422E+12 0.567E+09 0.415E+07 0.164E-13        892.                  
    669.0 0.415E+12 0.550E+09 0.401E+07 0.162E-13        892.                  
    670.0 0.408E+12 0.534E+09 0.387E+07 0.160E-13        892.                  
    671.0 0.401E+12 0.518E+09 0.374E+07 0.158E-13        892.                  
    672.0 0.394E+12 0.502E+09 0.361E+07 0.156E-13        892.                  
    673.0 0.387E+12 0.487E+09 0.349E+07 0.154E-13        892.                  
    674.0 0.380E+12 0.473E+09 0.337E+07 0.152E-13        892.                  
    675.0 0.374E+12 0.459E+09 0.326E+07 0.150E-13        892.                  
    676.0 0.367E+12 0.445E+09 0.315E+07 0.148E-13        892.                  
    677.0 0.361E+12 0.432E+09 0.304E+07 0.146E-13        892.                  
    678.0 0.355E+12 0.419E+09 0.294E+07 0.144E-13        892.                  
    679.0 0.349E+12 0.407E+09 0.284E+07 0.142E-13        892.                  
    680.0 0.343E+12 0.394E+09 0.274E+07 0.140E-13        892.                  
    681.0 0.337E+12 0.383E+09 0.265E+07 0.139E-13        892.                  
    682.0 0.331E+12 0.371E+09 0.256E+07 0.137E-13        892.                  
    683.0 0.326E+12 0.360E+09 0.247E+07 0.135E-13        892.                  
    684.0 0.320E+12 0.350E+09 0.239E+07 0.133E-13        892.                  
    685.0 0.315E+12 0.339E+09 0.231E+07 0.132E-13        892.                  
    686.0 0.309E+12 0.329E+09 0.223E+07 0.130E-13        892.                  
    687.0 0.304E+12 0.319E+09 0.215E+07 0.128E-13        892.                  
    688.0 0.299E+12 0.310E+09 0.208E+07 0.127E-13        892.                  
    689.0 0.294E+12 0.301E+09 0.201E+07 0.125E-13        892.                  
    690.0 0.289E+12 0.292E+09 0.194E+07 0.124E-13        892.                  
    691.0 0.284E+12 0.283E+09 0.188E+07 0.122E-13        892.                  
    692.0 0.279E+12 0.275E+09 0.181E+07 0.121E-13        892.                  
    693.0 0.274E+12 0.266E+09 0.175E+07 0.119E-13        892.                  
    694.0 0.269E+12 0.259E+09 0.169E+07 0.118E-13        892.                  
    695.0 0.265E+12 0.251E+09 0.163E+07 0.116E-13        892.                  
    696.0 0.260E+12 0.243E+09 0.158E+07 0.115E-13        892.                  
    697.0 0.256E+12 0.236E+09 0.153E+07 0.113E-13        892.                  
    698.0 0.251E+12 0.229E+09 0.147E+07 0.112E-13        892.                  
    699.0 0.247E+12 0.222E+09 0.142E+07 0.111E-13        892.                  
    700.0 0.243E+12 0.216E+09 0.138E+07 0.109E-13        892.                  
    701.0 0.239E+12 0.210E+09 0.133E+07 0.108E-13        892.                  
    702.0 0.235E+12 0.203E+09 0.129E+07 0.107E-13        892.                  
    703.0 0.231E+12 0.197E+09 0.124E+07 0.106E-13        892.                  
    704.0 0.227E+12 0.191E+09 0.120E+07 0.104E-13        892.                  
    705.0 0.223E+12 0.186E+09 0.116E+07 0.103E-13        892.                  
    706.0 0.219E+12 0.180E+09 0.112E+07 0.102E-13        892.                  
    707.0 0.216E+12 0.175E+09 0.108E+07 0.101E-13        892.                  
    708.0 0.212E+12 0.170E+09 0.105E+07 0.995E-14        892.                  
    709.0 0.208E+12 0.165E+09 0.101E+07 0.984E-14        892.                  
    710.0 0.205E+12 0.160E+09 0.977E+06 0.972E-14        892.                  
    711.0 0.201E+12 0.155E+09 0.944E+06 0.961E-14        892.                  
    712.0 0.198E+12 0.151E+09 0.912E+06 0.950E-14        892.                  
    713.0 0.194E+12 0.146E+09 0.882E+06 0.939E-14        892.                  
    714.0 0.191E+12 0.142E+09 0.852E+06 0.929E-14        892.                  
    715.0 0.188E+12 0.138E+09 0.823E+06 0.918E-14        892.                  
    716.0 0.185E+12 0.134E+09 0.796E+06 0.908E-14        892.                  
    717.0 0.182E+12 0.130E+09 0.769E+06 0.898E-14        892.                  
    718.0 0.179E+12 0.126E+09 0.743E+06 0.888E-14        892.                  
    719.0 0.176E+12 0.122E+09 0.718E+06 0.878E-14        892.                  
    720.0 0.173E+12 0.119E+09 0.694E+06 0.868E-14        892.                  
    721.0 0.170E+12 0.115E+09 0.671E+06 0.859E-14        892.                  
    722.0 0.167E+12 0.112E+09 0.648E+06 0.849E-14        892.                  
    723.0 0.164E+12 0.108E+09 0.627E+06 0.840E-14        892.                  
    724.0 0.161E+12 0.105E+09 0.606E+06 0.831E-14        892.                  
    725.0 0.158E+12 0.102E+09 0.585E+06 0.822E-14        892.                  
    726.0 0.156E+12 0.991E+08 0.566E+06 0.813E-14        892.                  
    727.0 0.153E+12 0.962E+08 0.547E+06 0.804E-14        892.                  
    728.0 0.151E+12 0.934E+08 0.528E+06 0.795E-14        892.                  
    729.0 0.148E+12 0.907E+08 0.511E+06 0.787E-14        892.                  
    730.0 0.146E+12 0.880E+08 0.494E+06 0.778E-14        892.                  
    731.0 0.143E+12 0.854E+08 0.477E+06 0.770E-14        892.                  
    732.0 0.141E+12 0.829E+08 0.461E+06 0.762E-14        892.                  
    733.0 0.138E+12 0.805E+08 0.446E+06 0.754E-14        892.                  
    734.0 0.136E+12 0.781E+08 0.431E+06 0.746E-14        892.                  
    735.0 0.134E+12 0.758E+08 0.416E+06 0.738E-14        892.                  
    736.0 0.131E+12 0.736E+08 0.402E+06 0.731E-14        892.                  
    737.0 0.129E+12 0.714E+08 0.389E+06 0.723E-14        892.                  
    738.0 0.127E+12 0.694E+08 0.376E+06 0.716E-14        892.                  
    739.0 0.125E+12 0.673E+08 0.363E+06 0.708E-14        892.                  
    740.0 0.123E+12 0.654E+08 0.351E+06 0.701E-14        892.                  
    741.0 0.121E+12 0.634E+08 0.340E+06 0.694E-14        892.                  
    742.0 0.119E+12 0.616E+08 0.328E+06 0.687E-14        892.                  
    743.0 0.117E+12 0.598E+08 0.317E+06 0.680E-14        892.                  
    744.0 0.115E+12 0.580E+08 0.307E+06 0.673E-14        892.                  
    745.0 0.113E+12 0.563E+08 0.297E+06 0.667E-14        892.                  
    746.0 0.111E+12 0.547E+08 0.287E+06 0.660E-14        892.                  
    747.0 0.109E+12 0.531E+08 0.277E+06 0.654E-14        892.                  
    748.0 0.107E+12 0.515E+08 0.268E+06 0.647E-14        892.                  
    749.0 0.105E+12 0.500E+08 0.259E+06 0.641E-14        892.                  
    750.0 0.104E+12 0.486E+08 0.250E+06 0.634E-14        892.                  
    751.0 0.102E+12 0.472E+08 0.242E+06 0.628E-14        892.                  
    752.0 0.100E+12 0.458E+08 0.234E+06 0.622E-14        892.                  
    753.0 0.985E+11 0.444E+08 0.226E+06 0.616E-14        892.                  
    754.0 0.968E+11 0.432E+08 0.219E+06 0.610E-14        892.                  
    755.0 0.952E+11 0.419E+08 0.211E+06 0.604E-14        892.                  
    756.0 0.936E+11 0.407E+08 0.204E+06 0.599E-14        892.                  
    757.0 0.920E+11 0.395E+08 0.198E+06 0.593E-14        892.                  
    758.0 0.905E+11 0.383E+08 0.191E+06 0.587E-14        892.                  
    759.0 0.890E+11 0.372E+08 0.185E+06 0.582E-14        892.                  
    760.0 0.875E+11 0.361E+08 0.179E+06 0.577E-14        892.                  
    761.0 0.860E+11 0.351E+08 0.173E+06 0.571E-14        892.                  
    762.0 0.846E+11 0.341E+08 0.167E+06 0.566E-14        892.                  
    763.0 0.832E+11 0.331E+08 0.161E+06 0.561E-14        892.                  
    764.0 0.818E+11 0.321E+08 0.156E+06 0.556E-14        892.                  
    765.0 0.804E+11 0.312E+08 0.151E+06 0.550E-14        892.                  
    766.0 0.791E+11 0.303E+08 0.146E+06 0.545E-14        892.                  
    767.0 0.778E+11 0.294E+08 0.141E+06 0.541E-14        892.                  
    768.0 0.765E+11 0.285E+08 0.136E+06 0.536E-14        892.                  
    769.0 0.752E+11 0.277E+08 0.132E+06 0.531E-14        892.                  
    770.0 0.739E+11 0.269E+08 0.127E+06 0.526E-14        892.                  
    771.0 0.727E+11 0.261E+08 0.123E+06 0.521E-14        892.                  
    772.0 0.715E+11 0.254E+08 0.119E+06 0.517E-14        892.                  
    773.0 0.703E+11 0.246E+08 0.115E+06 0.512E-14        892.                  
    774.0 0.691E+11 0.239E+08 0.111E+06 0.508E-14        892.                  
    775.0 0.680E+11 0.232E+08 0.108E+06 0.503E-14        892.                  
    776.0 0.668E+11 0.225E+08 0.104E+06 0.499E-14        892.                  
    777.0 0.657E+11 0.219E+08 0.101E+06 0.495E-14        892.                  
    778.0 0.646E+11 0.213E+08 0.974E+05 0.490E-14        892.                  
    779.0 0.635E+11 0.206E+08 0.942E+05 0.486E-14        892.                  
    780.0 0.625E+11 0.200E+08 0.910E+05 0.482E-14        892.                  
    781.0 0.614E+11 0.195E+08 0.880E+05 0.478E-14        892.                  
    782.0 0.604E+11 0.189E+08 0.851E+05 0.474E-14        892.                  
    783.0 0.594E+11 0.184E+08 0.823E+05 0.470E-14        892.                  
    784.0 0.584E+11 0.178E+08 0.796E+05 0.466E-14        892.                  
    785.0 0.575E+11 0.173E+08 0.770E+05 0.462E-14        892.                  
    786.0 0.565E+11 0.168E+08 0.744E+05 0.458E-14        892.                  
    787.0 0.556E+11 0.163E+08 0.720E+05 0.455E-14        892.                  
    788.0 0.546E+11 0.159E+08 0.696E+05 0.451E-14        892.                  
    789.0 0.537E+11 0.154E+08 0.673E+05 0.447E-14        892.                  
    790.0 0.528E+11 0.150E+08 0.651E+05 0.443E-14        892.                  
    791.0 0.520E+11 0.145E+08 0.630E+05 0.440E-14        892.                  
    792.0 0.511E+11 0.141E+08 0.609E+05 0.436E-14        892.                  
    793.0 0.503E+11 0.137E+08 0.589E+05 0.433E-14        892.                  
    794.0 0.494E+11 0.133E+08 0.570E+05 0.429E-14        892.                  
    795.0 0.486E+11 0.129E+08 0.551E+05 0.426E-14        892.                  
    796.0 0.478E+11 0.125E+08 0.533E+05 0.423E-14        892.                  
    797.0 0.470E+11 0.122E+08 0.515E+05 0.419E-14        892.                  
    798.0 0.462E+11 0.118E+08 0.498E+05 0.416E-14        892.                  
    799.0 0.455E+11 0.115E+08 0.482E+05 0.413E-14        892.                  
    800.0 0.447E+11 0.112E+08 0.466E+05 0.409E-14        892.                  
    801.0 0.440E+11 0.108E+08 0.451E+05 0.406E-14        892.                  
    802.0 0.432E+11 0.105E+08 0.436E+05 0.403E-14        892.                  
    803.0 0.425E+11 0.102E+08 0.422E+05 0.400E-14        892.                  
    804.0 0.418E+11 0.993E+07 0.408E+05 0.397E-14        892.                  
    805.0 0.411E+11 0.964E+07 0.394E+05 0.394E-14        892.                  
    806.0 0.405E+11 0.937E+07 0.382E+05 0.391E-14        892.                  
    807.0 0.398E+11 0.910E+07 0.369E+05 0.388E-14        892.                  
    808.0 0.391E+11 0.884E+07 0.357E+05 0.385E-14        892.                  
    809.0 0.385E+11 0.858E+07 0.345E+05 0.382E-14        892.                  
    810.0 0.378E+11 0.834E+07 0.334E+05 0.379E-14        892.                  
    811.0 0.372E+11 0.810E+07 0.323E+05 0.377E-14        892.                  
    812.0 0.366E+11 0.786E+07 0.312E+05 0.374E-14        892.                  
    813.0 0.360E+11 0.764E+07 0.302E+05 0.371E-14        892.                  
    814.0 0.354E+11 0.742E+07 0.292E+05 0.368E-14        892.                  
    815.0 0.348E+11 0.721E+07 0.283E+05 0.366E-14        892.                  
    816.0 0.343E+11 0.700E+07 0.274E+05 0.363E-14        892.                  
    817.0 0.337E+11 0.680E+07 0.265E+05 0.360E-14        892.                  
    818.0 0.331E+11 0.660E+07 0.256E+05 0.358E-14        892.                  
    819.0 0.326E+11 0.642E+07 0.248E+05 0.355E-14        892.                  
    820.0 0.320E+11 0.623E+07 0.239E+05 0.353E-14        892.                  
    821.0 0.315E+11 0.605E+07 0.232E+05 0.350E-14        892.                  
    822.0 0.310E+11 0.588E+07 0.224E+05 0.348E-14        892.                  
    823.0 0.305E+11 0.571E+07 0.217E+05 0.345E-14        892.                  
    824.0 0.300E+11 0.555E+07 0.210E+05 0.343E-14        892.                  
    825.0 0.295E+11 0.539E+07 0.203E+05 0.341E-14        892.                  
    826.0 0.290E+11 0.524E+07 0.196E+05 0.338E-14        892.                  
    827.0 0.285E+11 0.509E+07 0.190E+05 0.336E-14        892.                  
    828.0 0.281E+11 0.494E+07 0.184E+05 0.334E-14        892.                  
    829.0 0.276E+11 0.480E+07 0.178E+05 0.331E-14        892.                  
    830.0 0.272E+11 0.466E+07 0.172E+05 0.329E-14        892.                  
    831.0 0.267E+11 0.453E+07 0.166E+05 0.327E-14        892.                  
    832.0 0.263E+11 0.440E+07 0.161E+05 0.325E-14        892.                  
    833.0 0.258E+11 0.427E+07 0.156E+05 0.322E-14        892.                  
    834.0 0.254E+11 0.415E+07 0.151E+05 0.320E-14        892.                  
    835.0 0.250E+11 0.403E+07 0.146E+05 0.318E-14        892.                  
    836.0 0.246E+11 0.392E+07 0.141E+05 0.316E-14        892.                  
    837.0 0.242E+11 0.381E+07 0.136E+05 0.314E-14        892.                  
    838.0 0.238E+11 0.370E+07 0.132E+05 0.312E-14        892.                  
    839.0 0.234E+11 0.359E+07 0.128E+05 0.310E-14        892.                  
    840.0 0.230E+11 0.349E+07 0.124E+05 0.308E-14        892.                  
    841.0 0.226E+11 0.339E+07 0.120E+05 0.306E-14        892.                  
    842.0 0.223E+11 0.330E+07 0.116E+05 0.304E-14        892.                  
    843.0 0.219E+11 0.320E+07 0.112E+05 0.302E-14        892.                  
    844.0 0.215E+11 0.311E+07 0.108E+05 0.300E-14        892.                  
    845.0 0.212E+11 0.302E+07 0.105E+05 0.298E-14        892.                  
    846.0 0.208E+11 0.294E+07 0.101E+05 0.296E-14        892.                  
    847.0 0.205E+11 0.285E+07 0.981E+04 0.294E-14        892.                  
    848.0 0.202E+11 0.277E+07 0.949E+04 0.292E-14        892.                  
    849.0 0.198E+11 0.269E+07 0.918E+04 0.291E-14        892.                  
    850.0 0.195E+11 0.262E+07 0.888E+04 0.289E-14        892.                  
    851.0 0.192E+11 0.254E+07 0.860E+04 0.287E-14        892.                  
    852.0 0.189E+11 0.247E+07 0.832E+04 0.285E-14        892.                  
    853.0 0.186E+11 0.240E+07 0.805E+04 0.283E-14        892.                  
    854.0 0.183E+11 0.233E+07 0.779E+04 0.282E-14        892.                  
    855.0 0.180E+11 0.227E+07 0.754E+04 0.280E-14        892.                  
    856.0 0.177E+11 0.220E+07 0.729E+04 0.278E-14        892.                  
    857.0 0.174E+11 0.214E+07 0.706E+04 0.277E-14        892.                  
    858.0 0.171E+11 0.208E+07 0.683E+04 0.275E-14        892.                  
    859.0 0.168E+11 0.202E+07 0.661E+04 0.273E-14        892.                  
    860.0 0.166E+11 0.196E+07 0.639E+04 0.272E-14        892.                  
    861.0 0.163E+11 0.191E+07 0.619E+04 0.270E-14        892.                  
    862.0 0.160E+11 0.185E+07 0.599E+04 0.268E-14        892.                  
    863.0 0.158E+11 0.180E+07 0.579E+04 0.267E-14        892.                  
    864.0 0.155E+11 0.175E+07 0.561E+04 0.265E-14        892.                  
    865.0 0.153E+11 0.170E+07 0.543E+04 0.264E-14        892.                  
    866.0 0.150E+11 0.165E+07 0.525E+04 0.262E-14        892.                  
    867.0 0.148E+11 0.161E+07 0.508E+04 0.261E-14        892.                  
    868.0 0.145E+11 0.156E+07 0.492E+04 0.259E-14        892.                  
    869.0 0.143E+11 0.152E+07 0.476E+04 0.258E-14        892.                  
    870.0 0.141E+11 0.147E+07 0.461E+04 0.256E-14        892.                  
    871.0 0.138E+11 0.143E+07 0.446E+04 0.255E-14        892.                  
    872.0 0.136E+11 0.139E+07 0.431E+04 0.253E-14        892.                  
    873.0 0.134E+11 0.135E+07 0.418E+04 0.252E-14        892.                  
    874.0 0.132E+11 0.131E+07 0.404E+04 0.250E-14        892.                  
    875.0 0.130E+11 0.128E+07 0.391E+04 0.249E-14        892.                  
    876.0 0.127E+11 0.124E+07 0.379E+04 0.247E-14        892.                  
    877.0 0.125E+11 0.121E+07 0.366E+04 0.246E-14        892.                  
    878.0 0.123E+11 0.117E+07 0.355E+04 0.245E-14        892.                  
    879.0 0.121E+11 0.114E+07 0.343E+04 0.243E-14        892.                  
    880.0 0.119E+11 0.111E+07 0.332E+04 0.242E-14        892.                  
    881.0 0.117E+11 0.108E+07 0.322E+04 0.241E-14        892.                  
    882.0 0.116E+11 0.105E+07 0.311E+04 0.239E-14        892.                  
    883.0 0.114E+11 0.102E+07 0.301E+04 0.238E-14        892.                  
    884.0 0.112E+11 0.987E+06 0.292E+04 0.237E-14        892.                  
    885.0 0.110E+11 0.959E+06 0.282E+04 0.235E-14        892.                  
    886.0 0.108E+11 0.932E+06 0.273E+04 0.234E-14        892.                  
    887.0 0.106E+11 0.906E+06 0.264E+04 0.233E-14        892.                  
    888.0 0.105E+11 0.881E+06 0.256E+04 0.231E-14        892.                  
    889.0 0.103E+11 0.856E+06 0.248E+04 0.230E-14        892.                  
    890.0 0.101E+11 0.832E+06 0.240E+04 0.229E-14        892.                  
    891.0 0.998E+10 0.809E+06 0.232E+04 0.228E-14        892.                  
    892.0 0.982E+10 0.786E+06 0.225E+04 0.226E-14        892.                  
    893.0 0.966E+10 0.764E+06 0.217E+04 0.225E-14        892.                  
    894.0 0.950E+10 0.742E+06 0.211E+04 0.224E-14        892.                  
    895.0 0.935E+10 0.722E+06 0.204E+04 0.223E-14        892.                  
    896.0 0.920E+10 0.701E+06 0.197E+04 0.222E-14        892.                  
    897.0 0.905E+10 0.682E+06 0.191E+04 0.221E-14        892.                  
    898.0 0.890E+10 0.663E+06 0.185E+04 0.219E-14        892.                  
    899.0 0.876E+10 0.644E+06 0.179E+04 0.218E-14        892.                  
    900.0 0.862E+10 0.626E+06 0.173E+04 0.217E-14        892.                  
    901.0 0.848E+10 0.608E+06 0.168E+04 0.216E-14        892.                  
    902.0 0.834E+10 0.591E+06 0.162E+04 0.215E-14        892.                  
    903.0 0.821E+10 0.575E+06 0.157E+04 0.214E-14        892.                  
    904.0 0.808E+10 0.559E+06 0.152E+04 0.213E-14        892.                  
    905.0 0.795E+10 0.543E+06 0.147E+04 0.212E-14        892.                  
    906.0 0.782E+10 0.528E+06 0.143E+04 0.210E-14        892.                  
    907.0 0.769E+10 0.513E+06 0.138E+04 0.209E-14        892.                  
    908.0 0.757E+10 0.499E+06 0.134E+04 0.208E-14        892.                  
    909.0 0.745E+10 0.485E+06 0.129E+04 0.207E-14        892.                  
    910.0 0.733E+10 0.471E+06 0.125E+04 0.206E-14        892.                  
    911.0 0.721E+10 0.458E+06 0.121E+04 0.205E-14        892.                  
    912.0 0.710E+10 0.445E+06 0.117E+04 0.204E-14        892.                  
    913.0 0.698E+10 0.433E+06 0.114E+04 0.203E-14        892.                  
    914.0 0.687E+10 0.421E+06 0.110E+04 0.202E-14        892.                  
    915.0 0.676E+10 0.409E+06 0.107E+04 0.201E-14        892.                  
    916.0 0.665E+10 0.398E+06 0.103E+04 0.200E-14        892.                  
    917.0 0.654E+10 0.387E+06 0.999E+03 0.199E-14        892.                  
    918.0 0.644E+10 0.376E+06 0.967E+03 0.198E-14        892.                  
    919.0 0.634E+10 0.365E+06 0.936E+03 0.197E-14        892.                  
    920.0 0.623E+10 0.355E+06 0.906E+03 0.196E-14        892.                  
    921.0 0.614E+10 0.345E+06 0.878E+03 0.195E-14        892.                  
    922.0 0.604E+10 0.336E+06 0.850E+03 0.194E-14        892.                  
    923.0 0.594E+10 0.326E+06 0.823E+03 0.193E-14        892.                  
    924.0 0.585E+10 0.317E+06 0.797E+03 0.192E-14        892.                  
    925.0 0.575E+10 0.308E+06 0.771E+03 0.191E-14        892.                  
    926.0 0.566E+10 0.300E+06 0.747E+03 0.191E-14        892.                  
    927.0 0.557E+10 0.291E+06 0.723E+03 0.190E-14        892.                  
    928.0 0.548E+10 0.283E+06 0.700E+03 0.189E-14        892.                  
    929.0 0.539E+10 0.275E+06 0.678E+03 0.188E-14        892.                  
    930.0 0.531E+10 0.268E+06 0.657E+03 0.187E-14        892.                  
    931.0 0.522E+10 0.260E+06 0.636E+03 0.186E-14        892.                  
    932.0 0.514E+10 0.253E+06 0.616E+03 0.185E-14        892.                  
    933.0 0.506E+10 0.246E+06 0.596E+03 0.184E-14        892.                  
    934.0 0.498E+10 0.239E+06 0.577E+03 0.183E-14        892.                  
    935.0 0.490E+10 0.233E+06 0.559E+03 0.182E-14        892.                  
    936.0 0.482E+10 0.226E+06 0.541E+03 0.182E-14        892.                  
    937.0 0.474E+10 0.220E+06 0.524E+03 0.181E-14        892.                  
    938.0 0.467E+10 0.214E+06 0.508E+03 0.180E-14        892.                  
    939.0 0.459E+10 0.208E+06 0.492E+03 0.179E-14        892.                  
    940.0 0.452E+10 0.202E+06 0.476E+03 0.178E-14        892.                  
    941.0 0.445E+10 0.197E+06 0.461E+03 0.177E-14        892.                  
    942.0 0.438E+10 0.191E+06 0.446E+03 0.177E-14        892.                  
    943.0 0.431E+10 0.186E+06 0.432E+03 0.176E-14        892.                  
    944.0 0.424E+10 0.181E+06 0.419E+03 0.175E-14        892.                  
    945.0 0.417E+10 0.176E+06 0.405E+03 0.174E-14        892.                  
    946.0 0.410E+10 0.171E+06 0.393E+03 0.173E-14        892.                  
    947.0 0.404E+10 0.166E+06 0.380E+03 0.173E-14        892.                  
    948.0 0.397E+10 0.161E+06 0.368E+03 0.172E-14        892.                  
    949.0 0.391E+10 0.157E+06 0.357E+03 0.171E-14        892.                  
    950.0 0.385E+10 0.153E+06 0.345E+03 0.170E-14        892.                  
    951.0 0.379E+10 0.148E+06 0.335E+03 0.169E-14        892.                  
    952.0 0.373E+10 0.144E+06 0.324E+03 0.169E-14        892.                  
    953.0 0.367E+10 0.140E+06 0.314E+03 0.168E-14        892.                  
    954.0 0.361E+10 0.136E+06 0.304E+03 0.167E-14        892.                  
    955.0 0.355E+10 0.133E+06 0.294E+03 0.166E-14        892.                  
    956.0 0.350E+10 0.129E+06 0.285E+03 0.166E-14        892.                  
    957.0 0.344E+10 0.126E+06 0.276E+03 0.165E-14        892.                  
    958.0 0.339E+10 0.122E+06 0.267E+03 0.164E-14        892.                  
    959.0 0.333E+10 0.119E+06 0.259E+03 0.163E-14        892.                  
    960.0 0.328E+10 0.115E+06 0.251E+03 0.163E-14        892.                  
    961.0 0.323E+10 0.112E+06 0.243E+03 0.162E-14        892.                  
    962.0 0.318E+10 0.109E+06 0.235E+03 0.161E-14        892.                  
    963.0 0.313E+10 0.106E+06 0.228E+03 0.161E-14        892.                  
    964.0 0.308E+10 0.103E+06 0.221E+03 0.160E-14        892.                  
    965.0 0.303E+10 0.100E+06 0.214E+03 0.159E-14        892.                  
    966.0 0.298E+10 0.976E+05 0.207E+03 0.158E-14        892.                  
    967.0 0.293E+10 0.949E+05 0.201E+03 0.158E-14        892.                  
    968.0 0.289E+10 0.923E+05 0.194E+03 0.157E-14        892.                  
    969.0 0.284E+10 0.898E+05 0.188E+03 0.156E-14        892.                  
    970.0 0.280E+10 0.873E+05 0.182E+03 0.156E-14        892.                  
    971.0 0.275E+10 0.849E+05 0.177E+03 0.155E-14        892.                  
    972.0 0.271E+10 0.826E+05 0.171E+03 0.154E-14        892.                  
    973.0 0.267E+10 0.803E+05 0.166E+03 0.154E-14        892.                  
    974.0 0.262E+10 0.781E+05 0.161E+03 0.153E-14        892.                  
    975.0 0.258E+10 0.760E+05 0.156E+03 0.152E-14        892.                  
    976.0 0.254E+10 0.739E+05 0.151E+03 0.152E-14        892.                  
    977.0 0.250E+10 0.718E+05 0.146E+03 0.151E-14        892.                  
    978.0 0.246E+10 0.699E+05 0.141E+03 0.150E-14        892.                  
    979.0 0.242E+10 0.680E+05 0.137E+03 0.150E-14        892.                  
    980.0 0.239E+10 0.661E+05 0.133E+03 0.149E-14        892.                  
    981.0 0.235E+10 0.643E+05 0.129E+03 0.148E-14        892.                  
    982.0 0.231E+10 0.625E+05 0.124E+03 0.148E-14        892.                  
    983.0 0.227E+10 0.608E+05 0.121E+03 0.147E-14        892.                  
    984.0 0.224E+10 0.591E+05 0.117E+03 0.147E-14        892.                  
    985.0 0.220E+10 0.575E+05 0.113E+03 0.146E-14        892.                  
    986.0 0.217E+10 0.559E+05 0.110E+03 0.145E-14        892.                  
    987.0 0.213E+10 0.544E+05 0.106E+03 0.145E-14        892.                  
    988.0 0.210E+10 0.529E+05 0.103E+03 0.144E-14        892.                  
    989.0 0.207E+10 0.515E+05 0.997E+02 0.143E-14        892.                  
    990.0 0.204E+10 0.501E+05 0.966E+02 0.143E-14        892.                  
    991.0 0.200E+10 0.487E+05 0.936E+02 0.142E-14        892.                  
    992.0 0.197E+10 0.474E+05 0.907E+02 0.142E-14        892.                  
    993.0 0.194E+10 0.461E+05 0.878E+02 0.141E-14        892.                  
    994.0 0.191E+10 0.448E+05 0.851E+02 0.140E-14        892.                  
    995.0 0.188E+10 0.436E+05 0.825E+02 0.140E-14        892.                  
    996.0 0.185E+10 0.424E+05 0.799E+02 0.139E-14        892.                  
    997.0 0.182E+10 0.412E+05 0.774E+02 0.139E-14        892.                  
    998.0 0.179E+10 0.401E+05 0.750E+02 0.138E-14        892.                  
    999.0 0.177E+10 0.390E+05 0.727E+02 0.138E-14        892.                  
   1000.0 0.174E+10 0.380E+05 0.704E+02 0.137E-14        892.                  
