   60.0  0.000E+6  3.981E+21  1.068E+21 2.450E-4  247.1
   61.0  0.000E+6  3.498E+21  9.384E+20 2.152E-4  245.4
   62.0  0.000E+6  3.071E+21  8.239E+20 1.890E-4  243.6
   63.0  0.000E+6  2.695E+21  7.219E+20 1.657E-4  241.8
   64.0  0.000E+6  2.362E+21  6.312E+20 1.452E-4  240.0
   65.0  0.000E+6  2.069E+21  5.515E+20 1.271E-4  238.1
   66.0  0.000E+6  1.811E+21  4.814E+20 1.112E-4  236.2
   67.0  0.000E+6  1.584E+21  4.199E+20 9.719E-5  234.2
   68.0  0.000E+6  1.384E+21  3.659E+20 8.487E-5  232.2
   69.0  0.000E+6  1.208E+21  3.186E+20 7.405E-5  230.1
   70.0  0.000E+6  1.054E+21  2.771E+20 6.454E-5  228.0
   71.0  0.000E+6  9.183E+20  2.408E+20 5.620E-5  225.8
   72.0  0.000E+6  7.993E+20  2.090E+20 4.889E-5  223.5
   73.0  5.320E+12  6.941E+20  1.811E+20 4.243E-5  221.2
   74.0  1.383E+13  6.011E+20  1.565E+20 3.673E-5  219.5
   75.0  3.510E+13  5.189E+20  1.347E+20 3.169E-5  218.3
   76.0  8.642E+13  4.468E+20  1.157E+20 2.727E-5  217.5
   77.0  2.052E+14  3.840E+20  9.917E+19 2.342E-5  217.0
   78.0  4.672E+14  3.296E+20  8.487E+19 2.009E-5  216.8
   79.0  1.016E+15  2.827E+20  7.254E+19 1.721E-5  216.7
   80.0  2.106E+15  2.423E+20  6.197E+19 1.475E-5  216.8
   81.0  4.144E+15  2.077E+20  5.293E+19 1.263E-5  216.8
   82.0  7.742E+15  1.782E+20  4.521E+19 1.082E-5  216.8
   83.0  1.372E+16  1.529E+20  3.862E+19 9.279E-6  216.7
   84.0  2.309E+16  1.313E+20  3.302E+19 7.961E-6  216.4
   85.0  3.693E+16  1.129E+20  2.824E+19 6.838E-6  215.8
   86.0  5.625E+16  9.720E+19  2.418E+19 5.880E-6  214.8
   87.0  8.175E+16  8.378E+19  2.071E+19 5.061E-6  213.4
   88.0  1.137E+17  7.229E+19  1.776E+19 4.362E-6  211.6
   89.0  1.515E+17  6.245E+19  1.523E+19 3.764E-6  209.3
   90.0  1.943E+17  5.399E+19  1.307E+19 3.250E-6  206.4
   91.0  2.403E+17  4.670E+19  1.121E+19 2.808E-6  203.0
   92.0  2.869E+17  4.036E+19  9.602E+18 2.425E-6  199.3
   93.0  3.314E+17  3.481E+19  8.199E+18 2.089E-6  195.5
   94.0  3.710E+17  2.992E+19  6.972E+18 1.793E-6  191.8
   95.0  4.034E+17  2.561E+19  5.899E+18 1.534E-6  188.5
   96.0  4.268E+17  2.183E+19  4.963E+18 1.305E-6  185.5
   97.0  4.404E+17  1.850E+19  4.149E+18 1.105E-6  183.1
   98.0  4.441E+17  1.560E+19  3.446E+18 9.311E-7  181.4
   99.0  4.386E+17  1.309E+19  2.843E+18 7.800E-7  180.5
  100.0  4.252E+17  1.092E+19  2.329E+18 6.499E-7  180.6
  101.0  4.054E+17  9.063E+18  1.897E+18 5.389E-7  181.7
  102.0  3.812E+17  7.496E+18  1.537E+18 4.451E-7  183.8
  103.0  3.546E+17  6.187E+18  1.241E+18 3.668E-7  186.9
  104.0  3.269E+17  5.101E+18  9.997E+17 3.020E-7  190.9
  105.0  2.993E+17  4.205E+18  8.044E+17 2.486E-7  195.8
  106.0  2.727E+17  3.470E+18  6.473E+17 2.049E-7  201.6
  107.0  2.474E+17  2.869E+18  5.213E+17 1.692E-7  208.3
  108.0  2.239E+17  2.377E+18  4.207E+17 1.401E-7  215.9
  109.0  2.024E+17  1.977E+18  3.404E+17 1.163E-7  224.3
  110.0  1.827E+17  1.650E+18  2.763E+17 9.703E-8  233.5
  111.0  1.650E+17  1.383E+18  2.253E+17 8.130E-8  243.3
  112.0  1.491E+17  1.165E+18  1.845E+17 6.844E-8  253.9
  113.0  1.349E+17  9.857E+17  1.517E+17 5.788E-8  265.2
  114.0  1.221E+17  8.377E+17  1.254E+17 4.919E-8  277.2
  115.0  1.106E+17  7.152E+17  1.041E+17 4.200E-8  290.0
  116.0  1.004E+17  6.134E+17  8.681E+16 3.603E-8  303.5
  117.0  9.120E+16  5.286E+17  7.276E+16 3.105E-8  317.7
  118.0  8.302E+16  4.576E+17  6.129E+16 2.689E-8  332.6
  119.0  7.574E+16  3.981E+17  5.189E+16 2.341E-8  348.0
  120.0  6.927E+16  3.480E+17  4.417E+16 2.048E-8  363.9
  121.0  6.353E+16  3.058E+17  3.780E+16 1.801E-8  380.0
  122.0  5.845E+16  2.702E+17  3.254E+16 1.592E-8  396.1
  123.0  5.398E+16  2.401E+17  2.818E+16 1.416E-8  412.0
  124.0  5.004E+16  2.145E+17  2.456E+16 1.267E-8  427.3
  125.0  4.655E+16  1.926E+17  2.152E+16 1.139E-8  442.2
  126.0  4.343E+16  1.737E+17  1.894E+16 1.028E-8  456.8
  127.0  4.063E+16  1.573E+17  1.675E+16 9.324E-9  470.9
  128.0  3.810E+16  1.430E+17  1.487E+16 8.486E-9  484.7
  129.0  3.581E+16  1.304E+17  1.325E+16 7.750E-9  498.2
  130.0  3.374E+16  1.193E+17  1.185E+16 7.100E-9  511.3
  131.0  3.184E+16  1.094E+17  1.064E+16 6.525E-9  524.2
  132.0  3.011E+16  1.007E+17  9.580E+15 6.012E-9  536.7
  133.0  2.852E+16  9.283E+16  8.651E+15 5.554E-9  548.8
  134.0  2.706E+16  8.580E+16  7.834E+15 5.143E-9  560.7
  135.0  2.571E+16  7.948E+16  7.113E+15 4.773E-9  572.3
  136.0  2.447E+16  7.377E+16  6.475E+15 4.439E-9  583.6
  137.0  2.331E+16  6.861E+16  5.908E+15 4.137E-9  594.6
  138.0  2.224E+16  6.392E+16  5.403E+15 3.862E-9  605.4
  139.0  2.125E+16  5.965E+16  4.951E+15 3.612E-9  615.9
  140.0  2.032E+16  5.575E+16  4.547E+15 3.384E-9  626.1
  141.0  1.945E+16  5.219E+16  4.184E+15 3.175E-9  636.1
  142.0  1.864E+16  4.893E+16  3.857E+15 2.984E-9  645.8
  143.0  1.788E+16  4.593E+16  3.562E+15 2.808E-9  655.3
  144.0  1.717E+16  4.316E+16  3.295E+15 2.646E-9  664.5
  145.0  1.650E+16  4.062E+16  3.054E+15 2.496E-9  673.6
  146.0  1.587E+16  3.827E+16  2.834E+15 2.358E-9  682.4
  147.0  1.527E+16  3.609E+16  2.634E+15 2.230E-9  691.0
  148.0  1.471E+16  3.407E+16  2.451E+15 2.111E-9  699.3
  149.0  1.418E+16  3.220E+16  2.284E+15 2.000E-9  707.5
  150.0  1.368E+16  3.046E+16  2.132E+15 1.898E-9  715.5
  151.0  1.320E+16  2.883E+16  1.992E+15 1.802E-9  723.2
  152.0  1.275E+16  2.732E+16  1.863E+15 1.712E-9  730.8
  153.0  1.232E+16  2.591E+16  1.745E+15 1.629E-9  738.2
  154.0  1.192E+16  2.459E+16  1.636E+15 1.551E-9  745.4
  155.0  1.153E+16  2.336E+16  1.535E+15 1.477E-9  752.4
  156.0  1.116E+16  2.220E+16  1.442E+15 1.408E-9  759.3
  157.0  1.081E+16  2.111E+16  1.356E+15 1.344E-9  766.0
  158.0  1.047E+16  2.009E+16  1.277E+15 1.283E-9  772.5
  159.0  1.015E+16  1.914E+16  1.203E+15 1.226E-9  778.9
  160.0  9.845E+15  1.824E+16  1.134E+15 1.172E-9  785.1
  161.0  9.552E+15  1.738E+16  1.070E+15 1.121E-9  791.2
  162.0  9.271E+15  1.658E+16  1.010E+15 1.073E-9  797.1
  163.0  9.002E+15  1.583E+16  9.548E+14 1.028E-9  802.8
  164.0  8.744E+15  1.512E+16  9.030E+14 9.852E-10  808.4
  165.0  8.496E+15  1.444E+16  8.546E+14 9.447E-10  813.9
  166.0  8.259E+15  1.381E+16  8.093E+14 9.063E-10  819.3
  167.0  8.030E+15  1.321E+16  7.669E+14 8.699E-10  824.5
  168.0  7.811E+15  1.264E+16  7.271E+14 8.354E-10  829.6
  169.0  7.600E+15  1.210E+16  6.899E+14 8.026E-10  834.6
  170.0  7.396E+15  1.158E+16  6.549E+14 7.714E-10  839.4
  171.0  7.201E+15  1.110E+16  6.220E+14 7.418E-10  844.1
  172.0  7.012E+15  1.063E+16  5.911E+14 7.136E-10  848.7
  173.0  6.830E+15  1.020E+16  5.621E+14 6.868E-10  853.2
  174.0  6.655E+15  9.778E+15  5.347E+14 6.612E-10  857.6
  175.0  6.486E+15  9.381E+15  5.089E+14 6.369E-10  861.9
  176.0  6.323E+15  9.004E+15  4.845E+14 6.136E-10  866.1
  177.0  6.165E+15  8.644E+15  4.616E+14 5.914E-10  870.1
  178.0  6.012E+15  8.301E+15  4.399E+14 5.702E-10  874.1
  179.0  5.865E+15  7.974E+15  4.194E+14 5.500E-10  878.0
  180.0  5.723E+15  7.662E+15  4.000E+14 5.307E-10  881.8
  181.0  5.585E+15  7.365E+15  3.816E+14 5.122E-10  885.5
  182.0  5.451E+15  7.081E+15  3.643E+14 4.945E-10  889.1
  183.0  5.322E+15  6.810E+15  3.478E+14 4.775E-10  892.6
  184.0  5.197E+15  6.551E+15  3.322E+14 4.613E-10  896.0
  185.0  5.076E+15  6.303E+15  3.174E+14 4.457E-10  899.3
  186.0  4.958E+15  6.066E+15  3.034E+14 4.308E-10  902.6
  187.0  4.844E+15  5.840E+15  2.901E+14 4.165E-10  905.8
  188.0  4.733E+15  5.623E+15  2.774E+14 4.028E-10  908.9
  189.0  4.626E+15  5.415E+15  2.654E+14 3.897E-10  911.9
  190.0  4.522E+15  5.216E+15  2.540E+14 3.770E-10  914.9
  191.0  4.421E+15  5.026E+15  2.431E+14 3.649E-10  917.8
  192.0  4.323E+15  4.843E+15  2.328E+14 3.532E-10  920.6
  193.0  4.227E+15  4.668E+15  2.230E+14 3.420E-10  923.3
  194.0  4.135E+15  4.501E+15  2.136E+14 3.312E-10  926.0
  195.0  4.044E+15  4.340E+15  2.047E+14 3.209E-10  928.6
  196.0  3.957E+15  4.185E+15  1.962E+14 3.109E-10  931.2
  197.0  3.872E+15  4.037E+15  1.880E+14 3.013E-10  933.6
  198.0  3.789E+15  3.895E+15  1.803E+14 2.920E-10  936.1
  199.0  3.708E+15  3.758E+15  1.729E+14 2.831E-10  938.4
  200.0  3.629E+15  3.627E+15  1.659E+14 2.745E-10  940.7
